Attention num                MI
1                          37.85700988769531
2                          33.34242248535156
3                          32.70053482055664
4                          30.28200912475586                                                            
5                          29.47011566162109
6                          27.79933357238769
7                          26.77836418151855
8                          26.709611892700195
9                          31.25566291809082
10                         32.51903152465823
11                         34.71811294555664
12                         37.74150848388672
13                         32.685279846191406
14                         25.498842239379883
15                         34.961822509765625
16                         33.844703674316406
17                         31.543455123901367
18                         28.7304496765136722
19                         25.402246475219727
20                         
21                         27.52957534790039
22
23
24
25 
26
27
28
29
30
31
32
33
34
35
36
37
38
39
40
41
42
43
44
45
46
47
48
49
50                        